2 0.10931968688964844 0.1289759397506714
4 0.1098646879196167 0.11507699489593506
6 0.10830073356628418 0.11142723560333252
8 0.10736463069915772 0.11132650375366211
10 0.107627272605896 0.11147455374399821
12 0.10678696632385254 0.1131577730178833
14 0.1086881160736084 0.11757731437683105
16 0.10850210189819336 0.12047638893127441
18 0.10923731327056885 0.12579362392425536
20 0.1106442928314209 0.133133864402771
20 0.11653947830200195 0.14259138107299804
10 0.10995597839355468 0.11345622539520264
10 0.10920014381408691 0.11296896934509278
10 0.10843329429626465 0.11228673458099366
8 0.10877656936645508 0.11132345199584961
6 0.1088721752166748 0.11271951198577881
6 0.10922513008117676 0.1115936279296875
6 0.10923089981079101 0.11267969608306885
8 0.10902101993560791 0.11150143146514893
